,m,p,mp,pʰ,mpʰ,b,mb,ɓ,mɓ,ɸ,β,ɱ,f,mf,v,mv,ʋ,θ,ð,n,l,ɬ,tɬ,dɮ,r,ɾ,t,nt,tʰ,ntʰ,d,nd,ts,nts,tsʰ,dz,ndz,s,ns,z,nz,ɳ,ʈ,ʈʰ,ɖ,ɭ,ɽ,tʃ,ntʃ,tʃʰ,dʒ,ndʒ,ʃ,nʃ,ʒ,nʒ,ɲ,c,nc,ɟ,j,nɟ,nj,y,ɥ,ŋ,k,ŋk,kʰ,ŋkʰ,kp,g,ŋg,ɠ,gb,x,ɣ,w,χ,ʁ,h,ʔ,i,ɪ,ɨ,ü,ɯ,u,ʊ,ʉ,e,ɛ,ø,œ,o,ɔ,ə,ʌ,æ,a,ɑ
m,0.0,2.17,2.76,3.06,0.4,0.7,1.47,2.45,0.32,3.06,1.19,0.0,4.01,3.15,3.19,2.66,3.14,2.25,3.53,1.25,4.83,4.9,3.72,4.4,5.23,2.38,3.18,1.57,2.81,1.89,1.61,2.38,3.28,1.51,3.63,3.97,1.55,3.64,3.97,5.15,1.35,1.38,2.5,3.37,1.94,3.76,3.15,3.73,3.35,2.72,2.25,1.63,3.74,3.27,2.91,3.94,2.71,2.94,2.54,5.24,4.52,4.41,2.27,5.97,5.89,2.17,2.66,3.51,3.41,3.17,1.45,3.17,2.2,1.75,3.68,1.93,4.68,5.03,3.14,4.44,5.91,4.49,1.43,2.12,2.31,1.17,2.56,1.21,1.53,1.33,1.28,1.42,0.37,0.78,1.0,1.26,1.73,2.53,1.4,1.94,1.94
p,2.17,0.0,0.99,0.87,2.93,1.22,2.89,2.72,2.8,2.15,2.16,2.11,1.36,0.44,0.69,3.07,4.19,1.5,4.29,1.61,2.26,2.78,0.89,2.94,5.42,3.09,0.37,0.83,2.6,3.28,1.39,3.16,2.84,2.08,2.79,5.02,4.06,3.39,4.08,5.37,4.62,3.15,1.27,1.43,1.2,2.47,3.22,1.19,5.02,2.56,4.86,5.0,2.78,1.74,3.22,3.37,4.76,1.23,2.1,2.34,1.23,3.99,2.86,7.52,5.64,4.83,0.27,3.53,3.27,2.45,1.37,3.55,4.22,3.51,1.78,2.99,3.59,4.8,1.88,3.14,4.27,1.64,0.4,0.95,1.0,1.24,1.34,0.92,0.48,1.34,0.01,0.92,1.73,0.62,1.2,0.42,2.0,1.19,0.43,1.31,1.46
mp,2.76,0.99,0.0,1.63,1.35,2.31,1.52,3.23,2.08,0.23,1.38,1.57,3.04,2.13,3.37,2.66,3.51,0.64,2.96,2.48,3.17,1.68,2.5,3.02,2.67,3.49,2.0,0.87,2.41,1.19,5.57,1.34,4.55,1.61,4.66,2.6,4.96,3.63,3.29,5.65,4.36,4.54,0.69,1.05,1.97,4.01,4.05,2.86,2.39,3.94,4.61,4.81,3.11,3.07,5.38,3.36,3.32,2.79,2.36,3.39,4.03,3.95,4.86,8.21,6.07,4.12,4.99,2.0,4.72,3.53,1.62,2.94,2.15,5.0,2.05,2.63,3.93,5.39,2.27,4.3,6.96,2.62,3.45,1.07,0.01,0.64,1.63,1.19,1.74,0.55,1.4,2.23,0.01,1.46,1.86,0.1,1.27,0.86,0.89,1.53,1.2
pʰ,3.06,0.87,1.63,0.0,1.43,3.23,3.3,1.17,4.55,1.54,0.3,0.57,1.43,4.72,1.72,2.93,4.27,1.87,2.24,2.21,2.12,1.71,1.66,1.81,2.86,2.41,3.0,2.08,0.97,1.33,2.86,3.17,2.98,4.6,1.78,3.75,5.36,3.03,4.54,3.29,4.83,1.58,1.48,1.04,2.7,2.23,3.44,3.79,3.82,0.97,3.24,3.56,3.27,4.8,5.39,2.14,4.08,2.99,4.45,3.85,4.74,4.82,4.84,5.92,6.8,3.91,3.19,5.35,0.12,4.28,2.38,4.75,5.11,6.45,2.44,3.34,1.78,6.44,3.05,3.34,3.28,0.61,1.12,0.48,2.19,2.24,1.32,2.09,0.95,1.19,2.14,0.92,1.19,0.27,1.77,0.7,0.72,0.63,1.07,0.8,0.41
mpʰ,0.4,2.93,1.35,1.43,0.0,1.95,0.81,1.95,3.93,1.73,1.69,1.04,2.48,1.66,3.78,3.35,4.59,2.32,2.08,2.61,4.59,3.18,2.0,3.58,5.86,3.64,2.53,1.86,2.19,0.2,4.32,3.56,4.44,2.86,2.52,4.3,4.5,3.34,2.68,5.38,5.12,2.89,3.12,0.88,2.64,2.32,4.78,2.79,4.16,2.93,3.52,5.14,3.13,3.83,4.89,4.41,4.5,3.85,2.85,5.38,4.82,4.12,5.27,6.1,7.58,3.48,3.44,4.29,3.08,1.69,1.94,5.68,3.49,5.19,3.05,3.25,4.55,4.64,4.12,4.46,3.76,3.85,1.39,0.89,0.73,1.01,1.41,0.63,1.3,1.83,0.69,2.99,2.3,1.25,0.62,1.2,0.37,1.84,1.03,1.21,1.69
b,0.7,1.22,2.31,3.23,1.95,0.0,0.98,1.39,1.73,1.64,1.48,2.57,1.76,4.32,1.93,3.09,1.84,2.09,1.68,1.86,2.62,2.7,1.68,1.34,3.08,2.65,1.42,1.43,2.04,4.05,0.47,1.65,3.7,3.04,4.63,1.41,3.86,3.11,5.37,2.68,3.26,1.8,2.1,4.79,1.42,1.85,2.72,3.28,4.46,4.96,2.43,1.06,4.75,3.99,4.22,5.51,2.35,4.5,2.75,2.87,3.46,2.79,3.07,5.25,5.0,2.76,2.53,2.62,4.91,4.1,1.32,1.82,3.22,3.15,0.96,3.04,2.56,4.46,2.13,0.09,4.49,2.25,0.95,0.64,0.7,0.55,2.35,1.29,2.36,0.27,1.67,1.74,0.61,1.26,1.11,0.83,1.04,1.62,2.15,0.54,1.98
mb,1.47,2.89,1.52,3.3,0.81,0.98,0.0,1.33,0.54,2.96,0.26,0.6,2.78,1.69,2.27,0.01,2.49,2.03,3.07,3.11,3.52,3.31,3.01,4.22,4.62,4.17,1.47,1.65,3.0,3.73,1.11,1.62,5.81,2.67,4.36,3.63,1.28,4.6,4.17,3.2,2.59,1.44,1.65,3.87,0.18,5.07,3.21,3.3,3.85,4.21,3.09,1.41,5.56,3.26,4.08,2.73,3.57,3.93,2.11,3.28,2.05,2.64,2.16,5.69,6.45,3.2,3.95,2.66,5.37,3.85,1.91,4.23,2.55,2.73,1.4,4.19,2.58,5.91,4.48,2.9,5.56,3.92,0.72,1.01,0.3,1.94,0.77,1.17,0.72,0.57,0.52,1.2,0.64,0.66,1.44,1.14,0.95,2.14,0.03,0.67,0.44
ɓ,2.45,2.72,3.23,1.17,1.95,1.39,1.33,0.0,1.32,1.54,1.69,0.62,1.1,2.48,0.62,2.71,5.23,1.36,1.98,2.3,3.09,2.13,2.59,1.76,2.91,2.58,4.21,3.84,3.77,4.73,0.77,2.43,4.53,4.75,4.03,0.7,3.65,4.15,4.96,2.65,3.37,2.02,3.1,3.78,2.22,2.58,3.26,4.33,6.01,5.16,2.08,2.96,5.41,4.68,2.6,4.01,3.87,4.66,5.52,3.47,2.67,4.1,3.15,5.85,6.88,3.64,4.01,4.63,3.64,5.29,3.6,2.41,4.38,1.73,1.66,3.06,3.55,5.29,2.52,1.51,6.49,3.46,1.43,1.61,1.01,0.45,1.45,0.16,0.41,1.79,0.05,1.58,2.11,1.47,0.01,1.1,0.01,0.78,0.01,0.05,0.18
mɓ,0.32,2.8,2.08,4.55,3.93,1.73,0.54,1.32,0.0,1.91,1.08,1.44,2.88,3.11,1.2,1.55,4.54,3.25,2.24,1.15,2.59,5.54,0.54,1.24,5.82,3.27,3.62,3.69,5.26,3.88,2.6,3.25,4.33,5.66,5.8,3.07,3.29,4.58,3.54,2.79,2.8,4.04,3.96,4.74,2.52,4.07,4.65,4.62,3.32,5.69,4.28,2.85,4.44,4.27,4.99,2.91,3.05,5.66,4.03,4.65,3.17,2.76,2.77,7.21,7.82,3.77,3.99,3.09,6.66,4.51,3.52,4.4,2.83,2.53,2.88,3.22,3.75,6.36,3.8,2.09,6.09,1.22,0.17,0.57,1.23,0.08,1.11,1.22,1.45,1.08,1.34,1.32,1.83,0.61,0.68,1.58,0.53,1.42,2.52,1.13,1.53
ɸ,3.06,2.15,0.23,1.54,1.73,1.64,2.96,1.54,1.91,0.0,1.48,4.16,0.0,0.0,0.83,1.41,1.98,2.41,1.86,4.4,5.55,1.86,2.3,2.76,0.78,4.36,1.94,2.69,1.86,2.83,3.27,3.88,1.7,3.68,3.12,3.7,4.81,2.42,2.55,2.88,3.6,3.64,1.36,3.23,2.32,4.54,4.83,4.05,2.55,4.31,4.87,4.49,2.73,1.05,3.58,2.93,4.27,3.28,3.64,4.15,3.91,3.84,5.09,5.0,5.45,4.31,2.87,3.24,2.63,3.83,1.8,4.92,4.27,4.6,3.95,1.95,3.01,4.9,0.86,0.82,3.13,2.26,1.28,0.43,0.81,0.72,0.01,2.85,0.48,1.98,1.39,0.55,1.24,1.4,1.15,0.49,0.01,0.48,1.5,0.6,0.29
β,1.19,2.16,1.38,0.3,1.69,1.48,0.26,1.69,1.08,1.48,0.0,3.38,1.69,1.55,0.0,0.0,1.42,1.54,0.73,3.4,2.92,1.87,3.21,2.36,3.2,3.61,3.23,2.61,2.76,2.8,1.44,3.77,4.08,2.94,4.7,4.01,3.38,2.62,3.65,1.19,2.52,2.38,1.44,2.58,1.56,4.6,3.18,3.6,4.26,2.54,2.89,1.89,3.19,1.84,2.49,0.63,3.87,4.25,4.41,2.12,3.13,2.9,2.27,5.1,4.03,4.73,4.33,4.63,4.03,4.95,3.19,2.95,4.04,3.73,1.62,2.26,2.43,5.57,1.74,0.01,2.56,1.51,0.72,0.42,0.81,1.86,0.37,1.4,0.09,0.94,2.37,1.27,0.9,2.48,0.95,2.14,1.25,2.14,0.81,0.48,1.86
ɱ,0.0,2.11,1.57,0.57,1.04,2.57,0.6,0.62,1.44,4.16,3.38,0.0,2.88,1.61,4.59,2.36,3.84,4.16,1.49,1.07,5.0,4.96,4.26,2.47,4.3,2.78,1.65,2.01,2.81,2.11,3.67,3.91,2.7,2.0,4.55,3.2,2.34,5.34,2.9,4.38,3.31,1.59,2.79,2.28,2.15,3.93,1.97,3.87,2.65,2.7,2.67,3.64,3.82,3.88,4.04,3.41,2.22,2.66,4.91,4.54,4.46,2.15,2.11,6.25,6.96,1.52,4.29,3.79,5.0,3.0,2.85,4.1,2.44,2.06,2.64,3.63,4.58,5.01,3.98,5.57,2.83,4.77,1.57,0.01,0.95,0.53,2.63,1.23,0.54,1.71,0.01,0.72,1.07,1.9,0.01,0.78,0.58,0.85,1.11,2.09,1.47
f,4.01,1.36,3.04,1.43,2.48,1.76,2.78,1.1,2.88,0.0,1.69,2.88,0.0,1.26,0.1,2.02,2.78,1.29,1.7,5.43,4.22,2.0,1.56,2.98,3.17,3.46,1.95,3.78,0.85,4.2,3.43,4.23,2.18,3.58,3.44,4.67,5.87,2.59,2.64,2.64,4.46,3.18,2.66,0.71,3.05,3.29,4.22,3.45,4.39,2.82,3.85,4.06,1.96,2.55,4.08,4.05,5.63,3.55,3.23,3.83,3.12,5.23,4.27,5.35,5.59,4.77,2.53,3.24,3.44,4.01,0.01,2.25,5.45,3.76,2.39,2.26,2.46,3.65,0.49,0.72,0.15,3.23,0.71,0.7,0.44,0.49,0.64,0.43,2.12,1.65,1.66,1.32,1.01,0.22,2.19,0.74,0.96,1.28,1.42,0.84,0.02
mf,3.15,0.44,2.13,4.72,1.66,4.32,1.69,2.48,3.11,0.0,1.55,1.61,1.26,0.0,2.62,2.24,2.13,2.29,2.01,2.28,5.07,1.3,2.34,3.6,3.86,5.47,4.19,0.68,3.06,0.99,4.15,2.91,4.85,3.52,4.17,6.2,3.0,4.31,0.79,3.8,3.4,4.32,1.88,1.85,3.83,6.39,5.54,3.81,1.92,5.03,6.3,5.45,2.45,2.62,4.58,2.59,3.18,4.11,2.73,4.75,3.52,3.32,4.89,6.2,5.24,4.82,5.23,2.96,2.92,3.31,3.66,6.18,3.82,5.32,3.82,2.81,3.34,5.48,1.68,3.29,2.76,4.12,0.53,1.43,1.01,0.74,1.53,1.42,2.0,2.54,0.81,0.95,1.81,1.16,1.28,1.17,0.51,1.03,1.25,0.48,1.76
v,3.19,0.69,3.37,1.72,3.78,1.93,2.27,0.62,1.2,0.83,0.0,4.59,0.1,2.62,0.0,2.03,2.79,2.64,0.45,4.53,1.68,2.02,3.18,1.96,3.61,4.23,2.63,3.66,1.85,3.76,3.49,3.15,2.98,4.61,3.04,2.69,5.12,4.54,3.47,2.3,3.68,2.51,4.79,2.92,2.69,2.92,2.96,3.28,5.31,2.23,3.68,2.97,3.52,2.78,2.09,1.9,4.75,5.32,3.55,2.31,2.61,3.86,3.85,3.89,5.65,5.2,3.91,5.14,3.89,5.56,2.24,2.86,4.66,3.67,2.36,2.67,1.84,2.79,2.15,0.65,2.4,2.29,0.55,1.38,1.98,1.98,0.48,0.06,1.75,1.95,0.91,1.21,0.5,1.21,0.01,1.66,1.13,1.27,0.01,0.97,0.24
mv,2.66,3.07,2.66,2.93,3.35,3.09,0.01,2.71,1.55,1.41,0.0,2.36,2.02,2.24,2.03,0.0,2.62,1.65,1.16,3.37,4.42,3.55,4.2,3.25,3.56,4.36,3.15,3.05,4.85,3.39,2.55,2.03,3.6,4.02,5.32,2.4,3.67,3.93,2.52,2.56,2.57,2.79,2.81,1.61,0.95,5.07,5.16,4.36,3.46,5.16,5.02,3.75,5.02,2.62,2.36,1.08,2.48,3.06,4.77,4.69,3.06,1.57,3.19,6.17,5.87,3.99,4.82,4.22,5.16,4.31,3.98,4.34,3.96,3.97,2.28,2.39,2.69,5.71,5.09,1.96,3.83,4.06,0.96,1.3,0.38,0.97,0.95,1.06,1.48,1.23,0.66,1.28,2.01,1.02,0.4,0.49,2.12,1.91,0.95,0.34,0.73
ʋ,3.14,4.19,3.51,4.27,4.59,1.84,2.49,5.23,4.54,1.98,1.42,3.84,2.78,2.13,2.79,2.62,0.0,3.1,2.53,3.4,3.49,3.63,3.19,4.7,0.96,1.69,2.68,5.1,3.79,4.99,3.56,4.72,3.34,4.75,4.9,3.97,6.24,3.0,2.46,2.03,3.39,4.57,5.11,4.51,3.87,2.94,3.12,4.86,5.83,3.4,4.68,4.85,5.36,6.11,4.94,6.25,5.44,6.39,8.13,7.51,7.22,8.67,7.41,4.76,4.18,4.9,5.06,6.29,5.24,4.91,4.58,3.71,4.95,5.05,3.35,2.94,3.51,3.84,3.64,2.54,4.0,4.73,0.41,1.74,2.32,0.11,1.0,1.25,1.42,1.04,0.55,0.42,1.11,2.47,0.92,0.15,0.38,2.02,0.05,0.92,1.25
θ,2.25,1.5,0.64,1.87,2.32,2.09,2.03,1.36,3.25,2.41,1.54,4.16,1.29,2.29,2.64,1.65,3.1,0.0,2.28,1.05,2.72,0.0,1.38,3.18,2.98,4.42,1.79,2.35,1.78,2.85,2.17,2.28,2.92,2.83,4.3,5.26,5.15,0.99,2.46,3.35,4.41,4.03,3.16,3.41,5.02,5.36,4.88,3.52,3.87,4.34,5.61,4.67,1.4,1.97,2.28,1.13,5.66,3.25,2.64,3.48,4.7,4.04,2.79,4.52,4.14,3.07,1.21,1.59,1.17,2.86,2.96,3.36,1.39,5.41,3.41,1.26,1.69,5.61,0.83,2.2,1.32,4.09,0.01,1.2,1.02,0.88,2.15,1.57,0.01,0.01,0.7,1.88,1.06,0.35,0.61,1.25,1.84,1.53,1.24,1.9,0.2
ð,3.53,4.29,2.96,2.24,2.08,1.68,3.07,1.98,2.24,1.86,0.73,1.49,1.7,2.01,0.45,1.16,2.53,2.28,0.0,2.48,3.68,0.88,1.45,1.54,2.31,4.73,2.37,3.28,3.63,2.74,2.06,2.7,3.0,4.67,4.44,3.58,4.17,3.2,5.23,2.24,2.54,4.51,2.71,3.52,3.28,3.63,4.83,5.34,5.51,5.67,4.71,4.81,2.32,2.21,1.67,1.96,4.37,4.57,5.01,3.06,2.66,2.38,2.84,5.47,4.58,1.99,2.74,3.55,2.36,3.33,4.17,2.0,2.31,2.48,3.92,2.17,0.01,5.79,2.59,0.03,2.38,1.44,0.2,1.35,1.22,1.31,1.57,1.0,0.01,0.85,1.74,0.71,1.23,0.83,1.29,0.81,0.34,1.34,0.99,0.27,0.38
n,1.25,1.61,2.48,2.21,2.61,1.86,3.11,2.3,1.15,4.4,3.4,1.07,5.43,2.28,4.53,3.37,3.4,1.05,2.48,0.0,2.86,3.67,3.98,3.8,3.4,1.24,1.09,2.4,1.66,0.21,2.26,0.01,2.84,1.31,0.8,2.19,1.56,4.12,2.36,1.34,2.52,2.08,2.29,2.54,2.27,3.74,3.54,2.6,1.08,2.87,2.99,3.07,3.83,2.8,4.44,2.93,2.07,4.62,4.74,5.94,4.43,3.66,3.9,7.27,5.07,0.07,2.93,0.71,3.34,2.6,3.67,3.31,3.1,2.39,4.04,2.47,2.4,6.33,3.78,3.09,4.11,4.22,1.5,0.36,1.8,0.5,1.67,1.43,1.63,2.57,0.84,1.44,1.34,1.08,1.48,1.87,1.33,0.35,0.01,0.98,0.01
l,4.83,2.26,3.17,2.12,4.59,2.62,3.52,3.09,2.59,5.55,2.92,5.0,4.22,5.07,1.68,4.42,3.49,2.72,3.68,2.86,0.0,2.4,0.96,2.26,3.23,2.12,2.99,4.74,3.24,4.47,2.43,3.57,3.13,3.84,2.99,2.84,4.99,4.18,4.65,3.0,5.44,3.48,2.55,4.05,4.38,1.77,2.34,3.62,3.81,3.09,2.89,4.55,4.06,5.91,3.67,4.58,7.16,4.65,5.09,3.69,2.38,7.56,4.11,7.53,6.55,4.85,3.24,3.3,2.65,4.33,4.89,3.32,4.06,2.6,3.51,4.4,4.45,3.11,6.01,6.1,5.47,4.39,1.12,1.01,0.96,1.21,0.85,0.98,1.07,0.68,1.36,0.93,1.84,1.25,1.13,0.83,0.74,1.55,1.86,1.33,0.61
ɬ,4.9,2.78,1.68,1.71,3.18,2.7,3.31,2.13,5.54,1.86,1.87,4.96,2.0,1.3,2.02,3.55,3.63,0.0,0.88,3.67,2.4,0.0,0.13,1.55,3.94,4.87,2.53,3.55,0.91,1.91,3.37,3.98,3.22,5.02,3.05,4.17,4.48,1.82,2.82,2.37,3.66,3.83,2.87,2.89,4.42,4.92,7.82,4.59,5.18,4.94,4.81,4.82,0.88,2.97,3.24,2.67,7.52,3.44,2.93,5.14,3.95,4.82,4.89,7.08,5.87,5.06,2.63,3.72,1.52,3.68,4.24,1.86,3.75,2.76,4.25,2.39,0.63,5.51,2.11,3.4,1.78,4.72,0.21,1.73,0.39,0.94,1.48,2.51,0.74,1.7,1.61,1.52,0.91,1.27,0.22,0.47,0.76,1.75,1.71,0.01,1.17
tɬ,3.72,0.89,2.5,1.66,2.0,1.68,3.01,2.59,0.54,2.3,3.21,4.26,1.56,2.34,3.18,4.2,3.19,1.38,1.45,3.98,0.96,0.13,0.0,0.31,5.58,3.21,1.53,1.92,0.41,1.18,0.72,4.43,2.89,2.65,2.3,3.47,4.08,2.29,3.61,5.32,5.52,3.14,1.61,1.84,3.17,3.63,5.51,2.19,4.23,3.23,4.63,3.82,4.16,6.33,3.19,4.46,5.8,1.17,3.47,3.26,2.29,4.48,4.63,6.51,6.81,4.82,1.06,0.74,1.42,1.78,3.29,2.0,2.42,1.19,2.74,1.24,2.99,7.23,2.63,2.78,4.73,2.59,1.08,2.32,0.38,1.94,1.21,1.29,1.64,1.9,0.86,0.77,1.27,0.97,2.09,1.25,0.01,1.33,0.81,0.69,1.47
dɮ,4.4,2.94,3.02,1.81,3.58,1.34,4.22,1.76,1.24,2.76,2.36,2.47,2.98,3.6,1.96,3.25,4.7,3.18,1.54,3.8,2.26,1.55,0.31,0.0,5.01,3.57,1.22,2.55,0.56,3.9,1.09,1.93,3.95,2.55,3.46,1.57,3.63,3.86,5.56,3.76,4.05,4.16,3.27,3.47,1.72,3.13,6.23,3.17,5.89,2.75,2.52,2.48,3.69,3.14,2.69,4.75,4.56,3.96,4.78,1.31,2.55,2.42,2.29,5.04,5.62,3.35,1.73,3.71,2.27,2.59,4.37,1.37,2.11,1.15,1.69,3.17,1.33,7.26,4.51,3.61,4.65,2.17,1.47,1.05,0.43,2.62,0.53,2.25,1.5,0.41,0.76,2.99,0.52,0.4,0.76,0.01,2.84,0.18,0.16,1.17,0.4
r,5.23,5.42,2.67,2.86,5.86,3.08,4.62,2.91,5.82,0.78,3.2,4.3,3.17,3.86,3.61,3.56,0.96,2.98,2.31,3.4,3.23,3.94,5.58,5.01,0.0,1.31,1.94,4.6,2.51,4.55,3.34,5.26,1.81,3.23,3.42,2.3,3.7,2.99,3.23,2.5,2.64,3.74,3.26,4.1,3.63,2.21,1.09,4.72,5.02,3.65,4.0,4.6,4.34,5.34,4.31,4.42,4.59,7.36,7.31,6.34,5.46,6.96,5.24,2.83,2.97,2.72,4.85,5.17,4.42,5.21,4.47,3.58,5.39,2.62,6.1,3.76,3.36,3.22,2.06,3.18,3.76,5.5,1.14,1.94,1.18,1.03,1.95,1.28,0.36,0.75,1.58,0.65,1.38,1.12,0.05,0.48,0.62,1.18,1.6,0.5,0.54
ɾ,2.38,3.09,3.49,2.41,3.64,2.65,4.17,2.58,3.27,4.36,3.61,2.78,3.46,5.47,4.23,4.36,1.69,4.42,4.73,1.24,2.12,4.87,3.21,3.57,1.31,0.0,2.46,3.57,2.07,1.33,0.97,4.99,0.45,2.42,2.43,2.73,2.59,3.34,3.74,2.2,3.64,2.37,2.18,2.79,3.02,2.17,1.67,2.26,4.6,1.82,2.81,2.07,4.87,5.95,4.28,6.26,5.06,4.66,6.32,6.18,4.69,5.42,7.04,4.29,4.55,2.5,2.98,4.51,3.22,4.05,3.44,2.88,3.63,1.9,4.08,3.65,2.85,4.14,4.69,3.63,5.63,3.55,0.01,0.83,0.89,0.95,2.48,0.92,0.96,1.64,1.39,1.32,1.57,0.65,0.64,0.53,2.41,1.14,2.0,0.43,1.31
t,3.18,0.37,2.0,3.0,2.53,1.42,1.47,4.21,3.62,1.94,3.23,1.65,1.95,4.19,2.63,3.15,2.68,1.79,2.37,1.09,2.99,2.53,1.53,1.22,1.94,2.46,0.0,2.78,1.22,0.76,0.18,2.61,1.33,2.43,1.93,2.53,4.14,2.51,2.24,1.53,4.17,2.07,1.76,1.53,0.8,3.79,1.21,2.91,3.84,3.06,3.22,3.63,3.1,3.92,5.96,4.35,4.36,4.58,4.41,4.45,4.82,5.13,4.51,5.75,6.12,4.08,1.83,1.52,0.81,2.91,1.69,1.71,3.42,2.88,4.66,2.94,2.96,7.15,2.39,3.0,4.22,1.08,1.33,0.98,0.01,0.15,1.97,2.23,1.0,1.3,1.39,0.55,0.01,0.81,0.8,1.59,0.81,1.6,0.19,0.61,0.36
nt,1.57,0.83,0.87,2.08,1.86,1.43,1.65,3.84,3.69,2.69,2.61,2.01,3.78,0.68,3.66,3.05,5.1,2.35,3.28,2.4,4.74,3.55,1.92,2.55,4.6,3.57,2.78,0.0,2.54,1.87,1.73,0.83,2.18,1.84,3.27,1.61,1.95,2.82,2.48,3.66,2.43,1.8,1.97,2.95,2.06,3.7,4.16,3.76,1.26,4.58,5.02,4.84,5.35,5.67,6.32,4.55,2.92,3.71,2.99,5.0,4.75,4.72,1.78,8.12,7.78,0.5,3.52,0.96,2.59,0.76,2.37,3.27,0.94,4.15,4.5,2.55,3.9,6.0,1.75,4.42,5.08,2.84,1.14,1.25,0.91,0.85,0.47,0.67,1.26,1.41,2.05,1.72,1.34,0.64,1.5,1.83,0.01,0.83,0.64,1.92,0.64
tʰ,2.81,2.6,2.41,0.97,2.19,2.04,3.0,3.77,5.26,1.86,2.76,2.81,0.85,3.06,1.85,4.85,3.79,1.78,3.63,1.66,3.24,0.91,0.41,0.56,2.51,2.07,1.22,2.54,0.0,0.01,1.37,3.77,0.73,2.73,1.93,3.05,5.35,1.71,3.19,2.84,3.76,0.02,1.97,1.38,3.23,2.0,1.61,4.23,4.88,3.01,2.81,3.63,3.83,5.71,5.71,4.45,3.51,4.62,5.74,3.99,5.21,3.54,5.11,7.96,5.68,2.99,0.17,4.1,0.76,1.69,1.81,3.3,3.64,3.92,4.03,2.32,4.1,5.57,2.64,4.12,2.06,2.15,1.68,1.35,2.51,1.37,1.38,1.21,1.23,0.47,0.82,1.4,0.29,1.49,0.54,0.08,0.01,1.11,1.29,1.95,0.45
ntʰ,1.89,3.28,1.19,1.33,0.2,4.05,3.73,4.73,3.88,2.83,2.8,2.11,4.2,0.99,3.76,3.39,4.99,2.85,2.74,0.21,4.47,1.91,1.18,3.9,4.55,1.33,0.76,1.87,0.01,0.0,3.3,0.46,1.45,1.8,1.33,3.08,2.71,2.37,3.13,3.53,1.26,2.84,2.37,2.09,2.55,4.18,2.68,4.04,4.19,3.76,4.89,3.98,4.02,3.16,5.96,3.44,2.47,4.67,4.68,5.51,6.84,5.22,4.86,8.98,6.01,1.29,1.91,1.55,3.51,1.95,5.51,4.32,2.73,4.04,4.41,1.31,2.92,7.03,2.55,3.85,4.09,3.3,0.01,0.42,1.38,0.41,0.86,0.48,0.55,0.11,0.9,0.2,0.5,1.1,0.8,0.01,1.76,1.4,0.6,0.22,1.01
d,1.61,1.39,5.57,2.86,4.32,0.47,1.11,0.77,2.6,3.27,1.44,3.67,3.43,4.15,3.49,2.55,3.56,2.17,2.06,2.26,2.43,3.37,0.72,1.09,3.34,0.97,0.18,1.73,1.37,3.3,0.0,1.01,2.24,3.55,3.39,0.92,3.81,2.64,3.28,1.63,2.71,2.45,1.84,2.97,1.41,2.99,2.97,2.47,4.56,4.52,2.11,3.82,5.74,5.43,6.33,5.04,4.78,4.68,3.84,1.96,3.53,5.22,3.42,7.3,6.86,2.58,0.72,2.77,2.08,5.34,2.77,1.12,1.64,2.33,0.77,2.6,1.23,5.56,3.03,2.02,4.64,2.06,2.54,0.21,1.56,0.61,0.14,1.17,1.01,0.81,1.41,1.34,0.01,0.67,1.22,0.51,0.35,1.07,1.51,0.22,0.01
nd,2.38,3.16,1.34,3.17,3.56,1.65,1.62,2.43,3.25,3.88,3.77,3.91,4.23,2.91,3.15,2.03,4.72,2.28,2.7,0.01,3.57,3.98,4.43,1.93,5.26,4.99,2.61,0.83,3.77,0.46,1.01,0.0,3.03,2.63,5.6,0.65,0.88,3.83,5.84,2.68,2.6,4.67,2.14,3.12,0.72,4.45,4.02,4.81,2.95,4.51,2.06,3.32,6.09,4.81,4.94,3.31,2.74,5.26,4.28,4.01,4.17,2.58,2.31,8.72,6.84,1.82,3.31,3.33,5.54,2.78,4.35,1.79,1.44,2.35,4.04,4.69,2.54,6.03,3.89,1.25,3.76,2.32,1.35,1.41,0.03,0.02,0.65,0.95,1.13,0.98,0.36,0.86,1.65,0.86,0.25,0.01,1.06,0.88,0.83,0.47,0.67
ts,3.28,2.84,4.55,2.98,4.44,3.7,5.81,4.53,4.33,1.7,4.08,2.7,2.18,4.85,2.98,3.6,3.34,2.92,3.0,2.84,3.13,3.22,2.89,3.95,1.81,0.45,1.33,2.18,0.73,1.45,2.24,3.03,0.0,2.4,1.59,0.31,1.0,0.34,2.86,1.58,2.89,1.34,2.21,1.36,2.68,3.22,2.77,0.01,1.18,2.47,0.92,1.94,2.54,5.79,2.84,3.76,2.44,4.14,4.75,4.82,5.12,5.66,5.82,7.69,5.52,3.35,2.73,5.39,3.58,4.33,3.14,3.15,4.07,3.07,4.72,1.92,4.04,5.22,2.85,3.85,3.21,2.72,0.81,0.65,1.96,0.93,0.53,0.71,0.01,0.01,1.39,1.2,1.95,0.67,1.03,1.64,0.56,0.28,1.55,0.35,0.97
nts,1.51,2.08,1.61,4.6,2.86,3.04,2.67,4.75,5.66,3.68,2.94,2.0,3.58,3.52,4.61,4.02,4.75,2.83,4.67,1.31,3.84,5.02,2.65,2.55,3.23,2.42,2.43,1.84,2.73,1.8,3.55,2.63,2.4,0.0,1.19,0.72,0.13,1.74,1.38,2.77,2.59,3.06,2.18,2.54,2.95,3.77,3.75,2.08,0.08,3.43,2.78,3.77,4.4,1.97,5.03,2.61,1.62,4.83,4.95,6.0,5.52,4.46,5.3,8.27,9.78,2.18,2.83,0.51,3.94,1.49,2.62,3.54,2.06,4.21,3.13,2.65,4.42,7.4,3.11,4.96,4.99,3.33,0.73,0.33,1.18,1.45,1.73,1.01,0.65,1.51,0.92,2.07,0.01,1.44,1.8,1.22,0.89,2.21,1.57,0.9,0.63
tsʰ,3.63,2.79,4.66,1.78,2.52,4.63,4.36,4.03,5.8,3.12,4.7,4.55,3.44,4.17,3.04,5.32,4.9,4.3,4.44,0.8,2.99,3.05,2.3,3.46,3.42,2.43,1.93,3.27,1.93,1.33,3.39,5.6,1.59,1.19,0.0,1.45,3.12,1.4,1.92,0.95,2.38,1.38,2.94,1.72,3.97,2.6,3.7,2.67,3.17,0.01,2.89,2.14,4.07,3.83,2.93,3.49,4.16,5.32,5.44,5.32,7.47,6.58,6.91,6.37,6.1,1.36,2.45,4.43,1.93,2.66,4.13,4.38,5.58,5.41,6.26,2.96,2.69,7.3,2.34,4.42,5.06,3.28,1.13,2.21,2.18,0.01,0.98,1.09,1.68,0.45,0.72,1.42,1.62,0.77,0.21,0.96,0.33,0.94,0.84,0.97,0.84
dz,3.97,5.02,2.6,3.75,4.3,1.41,3.63,0.7,3.07,3.7,4.01,3.2,4.67,6.2,2.69,2.4,3.97,5.26,3.58,2.19,2.84,4.17,3.47,1.57,2.3,2.73,2.53,1.61,3.05,3.08,0.92,0.65,0.31,0.72,1.45,0.0,1.49,2.37,3.82,1.46,2.17,2.24,2.63,3.88,2.92,1.62,3.08,1.68,2.21,3.52,1.46,1.1,6.24,4.54,1.48,3.99,3.31,3.57,6.23,5.58,4.2,5.23,4.51,8.05,6.49,3.01,2.82,3.43,2.99,5.03,2.05,1.17,2.87,3.94,2.09,4.02,2.05,5.14,4.05,3.93,7.55,2.8,1.52,1.34,0.01,0.29,0.72,0.56,1.74,0.01,0.6,1.05,0.01,0.16,1.02,1.42,0.91,2.0,1.79,0.01,1.8
ndz,1.55,4.06,4.96,5.36,4.5,3.86,1.28,3.65,3.29,4.81,3.38,2.34,5.87,3.0,5.12,3.67,6.24,5.15,4.17,1.56,4.99,4.48,4.08,3.63,3.7,2.59,4.14,1.95,5.35,2.71,3.81,0.88,1.0,0.13,3.12,1.49,0.0,2.78,0.21,1.72,1.34,3.63,3.25,4.32,3.02,4.24,5.08,2.86,2.14,4.48,1.5,2.81,4.65,2.69,3.26,3.86,4.45,7.52,5.07,5.43,6.18,4.06,4.05,7.93,7.6,2.01,3.16,2.72,5.99,5.94,3.73,1.79,2.69,2.72,4.07,4.27,3.03,5.63,4.52,2.77,7.03,2.79,1.56,0.85,0.56,1.29,0.63,0.36,0.56,1.68,2.33,1.07,1.18,0.99,0.5,0.52,0.55,1.61,1.3,1.42,0.86
s,3.64,3.39,3.63,3.03,3.34,3.11,4.6,4.15,4.58,2.42,2.62,5.34,2.59,4.31,4.54,3.93,3.0,0.99,3.2,4.12,4.18,1.82,2.29,3.86,2.99,3.34,2.51,2.82,1.71,2.37,2.64,3.83,0.34,1.74,1.4,2.37,2.78,0.0,1.21,0.67,1.88,4.29,4.52,2.52,3.95,3.11,4.7,3.05,2.97,1.71,2.86,4.0,1.73,3.77,2.71,2.55,3.98,5.5,5.93,6.0,7.29,6.53,6.3,6.01,5.07,3.37,2.12,4.98,2.73,4.08,5.43,4.56,5.24,3.79,6.12,1.9,2.02,5.3,2.38,2.86,2.63,4.44,1.13,1.64,0.8,0.23,1.94,0.37,0.26,0.16,0.55,0.93,0.94,0.01,0.47,0.01,1.99,0.01,1.94,0.47,1.65
ns,3.97,4.08,3.29,4.54,2.68,5.37,4.17,4.96,3.54,2.55,3.65,2.9,2.64,0.79,3.47,2.52,2.46,2.46,5.23,2.36,4.65,2.82,3.61,5.56,3.23,3.74,2.24,2.48,3.19,3.13,3.28,5.84,2.86,1.38,1.92,3.82,0.21,1.21,0.0,1.79,0.74,3.99,3.06,2.93,3.59,4.63,4.11,3.92,1.23,3.79,2.39,3.79,3.59,3.93,4.4,2.03,2.02,6.22,5.71,6.89,7.23,5.06,6.19,6.56,5.47,2.37,3.62,3.07,2.62,2.24,4.83,3.35,2.47,2.6,6.86,2.53,4.02,6.55,3.34,5.17,2.9,5.23,0.33,1.61,0.01,0.84,0.22,1.48,1.27,0.66,1.08,1.81,1.26,0.98,2.99,1.87,1.53,0.72,0.95,0.52,1.03
z,5.15,5.37,5.65,3.29,5.38,2.68,3.2,2.65,2.79,2.88,1.19,4.38,2.64,3.8,2.3,2.56,2.03,3.35,2.24,1.34,3.0,2.37,5.32,3.76,2.5,2.2,1.53,3.66,2.84,3.53,1.63,2.68,1.58,2.77,0.95,1.46,1.72,0.67,1.79,0.0,0.01,3.46,3.24,4.26,3.02,5.06,2.26,3.72,4.42,3.5,2.03,1.86,1.9,3.65,2.17,3.39,4.6,6.78,7.18,4.47,5.03,6.12,5.55,6.58,3.6,3.96,4.59,3.9,2.87,3.61,5.44,4.0,2.68,2.36,3.21,3.2,2.68,5.42,3.21,2.13,3.84,4.09,0.57,1.37,1.6,0.31,0.67,0.28,1.41,1.04,0.68,0.81,0.8,0.46,1.07,0.52,1.49,0.68,0.33,1.99,0.41
nz,1.35,4.62,4.36,4.83,5.12,3.26,2.59,3.37,2.8,3.6,2.52,3.31,4.46,3.4,3.68,2.57,3.39,4.41,2.54,2.52,5.44,3.66,5.52,4.05,2.64,3.64,4.17,2.43,3.76,1.26,2.71,2.6,2.89,2.59,2.38,2.17,1.34,1.88,0.74,0.01,0.0,3.41,4.7,3.44,4.11,4.01,6.12,5.63,3.67,3.98,3.06,3.12,3.62,1.89,4.41,3.21,5.45,7.53,6.04,6.51,6.76,5.83,5.05,7.36,5.91,3.39,5.08,3.74,5.87,4.06,6.22,3.51,2.49,3.58,4.37,3.04,2.52,5.98,4.83,5.26,5.34,5.81,0.82,0.01,1.95,0.95,1.24,1.61,1.96,1.58,0.9,0.45,1.38,0.26,0.46,1.96,0.27,2.38,3.11,0.87,0.01
ɳ,1.38,3.15,4.54,1.58,2.89,1.8,1.44,2.02,4.04,3.64,2.38,1.59,3.18,4.32,2.51,2.79,4.57,4.03,4.51,2.08,3.48,3.83,3.14,4.16,3.74,2.37,2.07,1.8,0.02,2.84,2.45,4.67,1.34,3.06,1.38,2.24,3.63,4.29,3.99,3.46,3.41,0.0,2.59,0.01,1.95,3.18,1.05,0.29,2.03,1.57,1.76,1.12,3.49,3.45,1.7,3.73,0.88,1.89,4.52,2.73,1.78,3.85,4.01,6.28,4.37,1.97,2.09,2.8,2.53,3.56,2.54,1.26,2.88,2.07,3.89,3.52,2.24,5.48,3.12,3.1,3.92,2.38,1.5,0.52,0.93,1.71,1.0,0.51,1.16,1.22,1.28,0.9,0.3,1.91,0.54,1.76,0.15,0.64,0.7,0.98,1.65
ʈ,2.5,1.27,0.69,1.48,3.12,2.1,1.65,3.1,3.96,1.36,1.44,2.79,2.66,1.88,4.79,2.81,5.11,3.16,2.71,2.29,2.55,2.87,1.61,3.27,3.26,2.18,1.76,1.97,1.97,2.37,1.84,2.14,2.21,2.18,2.94,2.63,3.25,4.52,3.06,3.24,4.7,2.59,0.0,0.8,0.68,2.18,2.46,1.01,0.95,2.16,1.73,3.66,3.62,2.81,3.13,2.02,0.54,2.7,1.08,1.76,2.13,3.12,3.46,6.47,5.47,1.64,1.24,0.89,1.87,1.84,2.45,2.3,1.7,2.81,2.37,0.01,2.52,6.81,1.49,1.65,3.72,2.37,0.27,0.14,2.39,2.31,0.57,1.72,1.44,0.3,0.96,0.9,0.49,0.93,0.77,0.01,0.94,1.85,1.04,0.78,1.65
ʈʰ,3.37,1.43,1.05,1.04,0.88,4.79,3.87,3.78,4.74,3.23,2.58,2.28,0.71,1.85,2.92,1.61,4.51,3.41,3.52,2.54,4.05,2.89,1.84,3.47,4.1,2.79,1.53,2.95,1.38,2.09,2.97,3.12,1.36,2.54,1.72,3.88,4.32,2.52,2.93,4.26,3.44,0.01,0.8,0.0,1.95,1.96,2.5,1.36,0.91,0.46,2.12,3.39,3.86,3.2,3.13,3.47,2.19,2.85,2.63,4.41,3.55,4.01,4.99,6.1,5.07,2.32,1.55,1.6,0.91,0.31,2.55,1.88,3.06,3.45,4.28,2.53,2.98,6.45,0.46,2.75,2.87,2.61,0.23,0.45,0.58,0.49,0.08,0.01,0.77,0.78,0.48,0.93,1.2,0.54,1.17,1.96,0.48,1.45,0.76,0.43,1.0
ɖ,1.94,1.2,1.97,2.7,2.64,1.42,0.18,2.22,2.52,2.32,1.56,2.15,3.05,3.83,2.69,0.95,3.87,5.02,3.28,2.27,4.38,4.42,3.17,1.72,3.63,3.02,0.8,2.06,3.23,2.55,1.41,0.72,2.68,2.95,3.97,2.92,3.02,3.95,3.59,3.02,4.11,1.95,0.68,1.95,0.0,2.39,1.09,3.2,2.69,2.29,0.42,0.47,4.62,3.31,2.96,2.96,1.9,2.18,3.13,0.83,3.68,1.26,0.89,6.73,5.07,2.55,2.44,1.39,3.52,2.01,3.51,1.01,1.16,1.05,1.13,4.41,1.79,5.38,2.86,2.13,5.64,3.22,1.55,1.36,0.36,0.41,2.38,0.74,0.75,1.91,0.75,2.16,2.59,0.89,0.01,0.6,3.06,1.37,1.56,0.06,1.84
ɭ,3.76,2.47,4.01,2.23,2.32,1.85,5.07,2.58,4.07,4.54,4.6,3.93,3.29,6.39,2.92,5.07,2.94,5.36,3.63,3.74,1.77,4.92,3.63,3.13,2.21,2.17,3.79,3.7,2.0,4.18,2.99,4.45,3.22,3.77,2.6,1.62,4.24,3.11,4.63,5.06,4.01,3.18,2.18,1.96,2.39,0.0,1.3,2.08,4.06,2.56,1.44,1.63,3.71,4.89,3.5,3.74,3.18,2.62,4.26,4.92,3.18,4.18,4.88,5.27,3.03,3.33,3.67,5.05,5.08,4.49,5.02,3.65,5.12,1.66,3.89,4.52,4.0,4.94,6.65,3.89,5.41,4.36,1.11,2.39,1.41,1.32,2.52,0.13,0.85,1.05,1.76,1.16,1.17,1.91,0.01,1.34,1.73,1.8,0.69,0.01,0.34
ɽ,3.15,3.22,4.05,3.44,4.78,2.72,3.21,3.26,4.65,4.83,3.18,1.97,4.22,5.54,2.96,5.16,3.12,4.88,4.83,3.54,2.34,7.82,5.51,6.23,1.09,1.67,1.21,4.16,1.61,2.68,2.97,4.02,2.77,3.75,3.7,3.08,5.08,4.7,4.11,2.26,6.12,1.05,2.46,2.5,1.09,1.3,0.0,2.29,2.59,2.31,2.39,1.31,4.18,3.25,3.57,4.79,2.21,4.45,4.53,3.27,4.0,5.04,3.93,3.84,3.22,3.21,2.09,3.81,3.03,3.07,5.4,2.49,5.36,3.14,3.27,3.39,4.92,2.9,4.11,4.61,4.5,6.03,0.46,0.23,0.6,1.87,0.49,1.87,0.84,0.99,0.71,1.37,1.25,0.47,0.44,0.01,0.78,1.84,0.57,0.65,1.69
tʃ,3.73,1.19,2.86,3.79,2.79,3.28,3.3,4.33,4.62,4.05,3.6,3.87,3.45,3.81,3.28,4.36,4.86,3.52,5.34,2.6,3.62,4.59,2.19,3.17,4.72,2.26,2.91,3.76,4.23,4.04,2.47,4.81,0.01,2.08,2.67,1.68,2.86,3.05,3.92,3.72,5.63,0.29,1.01,1.36,3.2,2.08,2.29,0.0,1.51,0.22,0.01,0.29,2.87,2.6,2.59,2.49,2.66,3.15,4.68,3.26,5.27,3.51,4.84,5.07,4.99,4.68,1.61,3.55,2.83,3.59,4.17,2.94,3.5,4.06,3.75,3.64,2.64,5.5,0.83,5.16,5.58,2.76,1.33,0.01,2.12,1.44,1.09,0.21,1.27,0.2,0.01,1.58,1.02,1.77,0.66,0.24,1.48,0.2,0.11,0.65,0.71
ntʃ,3.35,5.02,2.39,3.82,4.16,4.46,3.85,6.01,3.32,2.55,4.26,2.65,4.39,1.92,5.31,3.46,5.83,3.87,5.51,1.08,3.81,5.18,4.23,5.89,5.02,4.6,3.84,1.26,4.88,4.19,4.56,2.95,1.18,0.08,3.17,2.21,2.14,2.97,1.23,4.42,3.67,2.03,0.95,0.91,2.69,4.06,2.59,1.51,0.0,1.64,2.74,2.19,1.44,2.84,5.99,1.78,1.45,3.7,2.38,4.47,5.14,4.4,5.11,6.64,6.14,2.22,3.04,3.15,5.31,2.23,4.77,3.72,2.38,4.93,4.08,1.91,4.36,6.74,3.44,5.93,6.12,4.22,0.6,0.02,0.31,0.01,0.08,2.12,2.0,0.84,0.42,0.23,1.2,1.25,0.01,1.19,0.97,0.73,0.34,2.56,3.46
tʃʰ,2.72,2.56,3.94,0.97,2.93,4.96,4.21,5.16,5.69,4.31,2.54,2.7,2.82,5.03,2.23,5.16,3.4,4.34,5.67,2.87,3.09,4.94,3.23,2.75,3.65,1.82,3.06,4.58,3.01,3.76,4.52,4.51,2.47,3.43,0.01,3.52,4.48,1.71,3.79,3.5,3.98,1.57,2.16,0.46,2.29,2.56,2.31,0.22,1.64,0.0,2.67,1.16,1.9,2.86,2.55,2.68,2.1,3.95,4.52,2.94,4.36,6.01,6.31,5.07,5.4,2.9,4.03,4.38,2.46,2.6,4.28,1.62,4.58,4.86,5.28,2.8,2.8,6.34,3.21,4.07,3.58,2.83,1.27,2.26,0.11,1.07,1.95,0.79,0.01,1.73,1.84,1.03,1.17,0.72,0.97,0.63,0.48,1.18,0.77,0.01,0.68
dʒ,2.25,4.86,4.61,3.24,3.52,2.43,3.09,2.08,4.28,4.87,2.89,2.67,3.85,6.3,3.68,5.02,4.68,5.61,4.71,2.99,2.89,4.81,4.63,2.52,4.0,2.81,3.22,5.02,2.81,4.89,2.11,2.06,0.92,2.78,2.89,1.46,1.5,2.86,2.39,2.03,3.06,1.76,1.73,2.12,0.42,1.44,2.39,0.01,2.74,2.67,0.0,0.0,3.62,2.47,2.62,3.31,2.67,5.33,4.7,3.43,2.98,3.34,5.58,5.03,5.69,3.73,3.36,4.46,5.14,4.54,4.16,2.15,3.39,3.35,2.32,2.6,3.33,6.95,4.19,2.21,6.28,1.5,1.61,1.67,2.03,1.09,1.35,1.1,0.85,2.18,1.19,0.23,0.89,0.82,0.01,0.48,0.83,1.73,0.01,1.55,1.64
ndʒ,1.63,5.0,4.81,3.56,5.14,1.06,1.41,2.96,2.85,4.49,1.89,3.64,4.06,5.45,2.97,3.75,4.85,4.67,4.81,3.07,4.55,4.82,3.82,2.48,4.6,2.07,3.63,4.84,3.63,3.98,3.82,3.32,1.94,3.77,2.14,1.1,2.81,4.0,3.79,1.86,3.12,1.12,3.66,3.39,0.47,1.63,1.31,0.29,2.19,1.16,0.0,0.0,3.01,3.96,2.75,1.7,2.22,3.4,4.23,3.33,3.06,4.35,4.09,5.79,6.28,4.13,3.5,3.99,4.25,4.69,4.66,1.88,2.88,2.32,2.05,3.52,2.42,5.37,4.07,2.52,5.69,2.74,1.58,0.01,1.59,1.35,1.09,0.01,1.01,0.96,1.62,0.14,0.44,1.63,0.01,0.85,1.43,0.81,1.25,2.09,1.54
ʃ,3.74,2.78,3.11,3.27,3.13,4.75,5.56,5.41,4.44,2.73,3.19,3.82,1.96,2.45,3.52,5.02,5.36,1.4,2.32,3.83,4.06,0.88,4.16,3.69,4.34,4.87,3.1,5.35,3.83,4.02,5.74,6.09,2.54,4.4,4.07,6.24,4.65,1.73,3.59,1.9,3.62,3.49,3.62,3.86,4.62,3.71,4.18,2.87,1.44,1.9,3.62,3.01,0.0,1.82,0.82,0.16,7.23,3.66,4.79,4.42,3.54,5.47,5.23,4.23,2.95,4.28,4.41,3.91,3.7,4.06,3.66,2.87,4.41,4.03,5.46,1.74,3.23,4.83,1.06,2.12,2.7,4.16,0.57,1.22,1.82,0.86,1.1,0.18,0.01,0.1,1.63,0.83,1.81,1.44,0.81,0.21,0.1,1.83,1.73,0.82,0.69
nʃ,3.27,1.74,3.07,4.8,3.83,3.99,3.26,4.68,4.27,1.05,1.84,3.88,2.55,2.62,2.78,2.62,6.11,1.97,2.21,2.8,5.91,2.97,6.33,3.14,5.34,5.95,3.92,5.67,5.71,3.16,5.43,4.81,5.79,1.97,3.83,4.54,2.69,3.77,3.93,3.65,1.89,3.45,2.81,3.2,3.31,4.89,3.25,2.6,2.84,2.86,2.47,3.96,1.82,0.0,1.39,0.0,4.01,4.33,3.33,2.48,3.14,0.98,3.6,4.38,5.36,3.06,3.42,0.94,3.11,1.86,4.8,5.3,3.62,2.99,5.15,2.52,1.79,6.61,2.78,3.55,5.24,4.76,0.01,0.79,0.88,0.23,2.21,1.21,1.91,2.42,3.45,1.06,2.86,1.98,0.47,1.78,1.49,1.19,0.01,1.56,2.05
ʒ,2.91,3.22,5.38,5.39,4.89,4.22,4.08,2.6,4.99,3.58,2.49,4.04,4.08,4.58,2.09,2.36,4.94,2.28,1.67,4.44,3.67,3.24,3.19,2.69,4.31,4.28,5.96,6.32,5.71,5.96,6.33,4.94,2.84,5.03,2.93,1.48,3.26,2.71,4.4,2.17,4.41,1.7,3.13,3.13,2.96,3.5,3.57,2.59,5.99,2.55,2.62,2.75,0.82,1.39,0.0,2.14,3.84,4.69,3.45,3.12,3.14,4.78,3.35,3.02,3.18,4.82,3.53,4.61,3.36,4.21,4.4,3.73,3.37,3.76,3.55,2.97,1.27,5.34,3.42,1.2,3.62,4.4,0.15,0.48,1.52,0.99,0.84,0.88,1.06,1.0,0.66,1.86,2.97,0.35,1.27,1.46,1.61,0.49,1.52,0.79,1.14
nʒ,3.94,3.37,3.36,2.14,4.41,5.51,2.73,4.01,2.91,2.93,0.63,3.41,4.05,2.59,1.9,1.08,6.25,1.13,1.96,2.93,4.58,2.67,4.46,4.75,4.42,6.26,4.35,4.55,4.45,3.44,5.04,3.31,3.76,2.61,3.49,3.99,3.86,2.55,2.03,3.39,3.21,3.73,2.02,3.47,2.96,3.74,4.79,2.49,1.78,2.68,3.31,1.7,0.16,0.0,2.14,0.0,5.1,4.39,3.24,3.57,3.48,3.39,3.42,4.13,4.73,3.53,3.33,4.06,3.92,3.74,5.15,4.24,3.42,4.11,4.25,0.99,1.24,5.89,3.48,3.05,3.61,6.37,1.14,0.45,1.61,2.2,0.82,1.39,0.7,0.91,0.28,1.74,0.26,0.87,0.26,0.39,1.37,0.39,1.2,0.01,2.61
ɲ,2.71,4.76,3.32,4.08,4.5,2.35,3.57,3.87,3.05,4.27,3.87,2.22,5.63,3.18,4.75,2.48,5.44,5.66,4.37,2.07,7.16,7.52,5.8,4.56,4.59,5.06,4.36,2.92,3.51,2.47,4.78,2.74,2.44,1.62,4.16,3.31,4.45,3.98,2.02,4.6,5.45,0.88,0.54,2.19,1.9,3.18,2.21,2.66,1.45,2.1,2.67,2.22,7.23,4.01,3.84,5.1,0.0,2.64,2.81,3.62,2.83,1.5,1.03,5.54,4.33,0.0,3.63,0.84,2.33,0.88,3.0,2.29,0.97,0.01,3.47,2.58,1.52,4.99,2.73,3.82,2.96,4.63,1.4,0.04,1.37,0.19,1.04,1.49,1.92,0.74,0.01,1.44,1.13,0.62,1.3,0.59,1.77,1.01,1.92,0.91,0.88
c,2.94,1.23,2.79,2.99,3.85,4.5,3.93,4.66,5.66,3.28,4.25,2.66,3.55,4.11,5.32,3.06,6.39,3.25,4.57,4.62,4.65,3.44,1.17,3.96,7.36,4.66,4.58,3.71,4.62,4.67,4.68,5.26,4.14,4.83,5.32,3.57,7.52,5.5,6.22,6.78,7.53,1.89,2.7,2.85,2.18,2.62,4.45,3.15,3.7,3.95,5.33,3.4,3.66,4.33,4.69,4.39,2.64,0.0,1.85,0.88,1.12,1.2,1.28,4.18,4.14,3.09,0.0,0.59,1.55,2.91,1.31,1.55,1.57,2.68,3.4,1.18,2.22,5.6,1.91,1.01,1.21,0.48,0.43,1.45,0.91,0.24,0.48,1.1,0.67,0.82,0.6,0.94,2.81,3.01,0.19,2.37,1.39,0.37,2.0,1.47,0.69
nc,2.54,2.1,2.36,4.45,2.85,2.75,2.11,5.52,4.03,3.64,4.41,4.91,3.23,2.73,3.55,4.77,8.13,2.64,5.01,4.74,5.09,2.93,3.47,4.78,7.31,6.32,4.41,2.99,5.74,4.68,3.84,4.28,4.75,4.95,5.44,6.23,5.07,5.93,5.71,7.18,6.04,4.52,1.08,2.63,3.13,4.26,4.53,4.68,2.38,4.52,4.7,4.23,4.79,3.33,3.45,3.24,2.81,1.85,0.0,2.08,2.31,2.79,0.9,3.9,4.59,0.48,1.03,0.0,1.62,1.12,1.76,0.79,1.19,2.77,2.84,0.67,2.41,5.12,0.99,2.54,3.99,0.66,1.51,1.94,1.49,2.29,0.86,0.97,1.6,0.87,1.09,0.7,0.61,0.16,0.01,0.42,1.2,1.71,0.39,0.88,1.78
ɟ,5.24,2.34,3.39,3.85,5.38,2.87,3.28,3.47,4.65,4.15,2.12,4.54,3.83,4.75,2.31,4.69,7.51,3.48,3.06,5.94,3.69,5.14,3.26,1.31,6.34,6.18,4.45,5.0,3.99,5.51,1.96,4.01,4.82,6.0,5.32,5.58,5.43,6.0,6.89,4.47,6.51,2.73,1.76,4.41,0.83,4.92,3.27,3.26,4.47,2.94,3.43,3.33,4.42,2.48,3.12,3.57,3.62,0.88,2.08,0.0,0.0,0.75,1.14,3.77,4.03,2.35,0.84,2.11,1.85,3.0,2.2,0.0,2.89,0.01,0.53,1.33,1.45,6.19,3.24,1.22,4.99,1.13,1.05,1.1,1.84,0.11,1.52,0.11,0.71,0.11,2.18,1.24,0.88,0.65,0.27,0.97,1.72,2.0,1.74,0.72,0.55
j,4.52,1.23,4.03,4.74,4.82,3.46,2.05,2.67,3.17,3.91,3.13,4.46,3.12,3.52,2.61,3.06,7.22,4.7,2.66,4.43,2.38,3.95,2.29,2.55,5.46,4.69,4.82,4.75,5.21,6.84,3.53,4.17,5.12,5.52,7.47,4.2,6.18,7.29,7.23,5.03,6.76,1.78,2.13,3.55,3.68,3.18,4.0,5.27,5.14,4.36,2.98,3.06,3.54,3.14,3.14,3.48,2.83,1.12,2.31,0.0,0.0,1.69,0.68,4.29,5.3,1.7,1.56,2.09,3.12,3.24,3.15,0.0,1.25,0.81,0.18,0.84,1.46,5.55,1.77,0.81,4.61,0.88,0.48,1.83,0.44,3.08,1.02,1.33,1.79,0.64,0.04,0.54,0.09,0.04,1.01,0.47,1.62,3.48,1.19,0.21,1.4
nɟ,4.41,3.99,3.95,4.82,4.12,2.79,2.64,4.1,2.76,3.84,2.9,2.15,5.23,3.32,3.86,1.57,8.67,4.04,2.38,3.66,7.56,4.82,4.48,2.42,6.96,5.42,5.13,4.72,3.54,5.22,5.22,2.58,5.66,4.46,6.58,5.23,4.06,6.53,5.06,6.12,5.83,3.85,3.12,4.01,1.26,4.18,5.04,3.51,4.4,6.01,3.34,4.35,5.47,0.98,4.78,3.39,1.5,1.2,2.79,0.75,1.69,0.0,0.0,5.09,3.88,1.2,2.44,1.01,1.59,0.76,2.85,1.88,0.0,1.58,2.73,1.54,1.06,7.26,1.83,2.43,4.63,0.55,1.59,1.44,0.01,0.78,1.19,1.45,1.45,1.75,1.22,0.01,1.24,1.55,1.87,1.49,0.54,0.78,0.19,1.21,1.64
nj,2.27,2.86,4.86,4.84,5.27,3.07,2.16,3.15,2.77,5.09,2.27,2.11,4.27,4.89,3.85,3.19,7.41,2.79,2.84,3.9,4.11,4.89,4.63,2.29,5.24,7.04,4.51,1.78,5.11,4.86,3.42,2.31,5.82,5.3,6.91,4.51,4.05,6.3,6.19,5.55,5.05,4.01,3.46,4.99,0.89,4.88,3.93,4.84,5.11,6.31,5.58,4.09,5.23,3.6,3.35,3.42,1.03,1.28,0.9,1.14,0.68,0.0,0.0,4.47,5.78,0.54,2.03,1.44,2.52,3.02,1.74,0.46,0.0,0.86,2.36,1.22,1.79,5.59,2.97,1.62,5.8,1.01,0.79,0.86,1.19,2.0,0.67,1.38,1.27,0.94,1.01,0.01,0.01,0.74,0.19,0.01,0.01,1.11,0.01,0.47,1.31
y,5.97,7.52,8.21,5.92,6.1,5.25,5.69,5.85,7.21,5.0,5.1,6.25,5.35,6.2,3.89,6.17,4.76,4.52,5.47,7.27,7.53,7.08,6.51,5.04,2.83,4.29,5.75,8.12,7.96,8.98,7.3,8.72,7.69,8.27,6.37,8.05,7.93,6.01,6.56,6.58,7.36,6.28,6.47,6.1,6.73,5.27,3.84,5.07,6.64,5.07,5.03,5.79,4.23,4.38,3.02,4.13,5.54,4.18,3.9,3.77,4.29,5.09,4.47,0.0,1.04,2.96,2.37,5.08,3.41,6.65,5.47,4.48,4.78,5.43,4.8,3.87,2.3,1.88,3.66,4.19,1.95,3.29,0.0,0.0,0.0,1.04,0.0,1.07,1.71,0.25,0.0,0.0,1.44,0.06,0.53,2.0,0.0,0.0,0.0,0.0,0.0
ɥ,5.89,5.64,6.07,6.8,7.58,5.0,6.45,6.88,7.82,5.45,4.03,6.96,5.59,5.24,5.65,5.87,4.18,4.14,4.58,5.07,6.55,5.87,6.81,5.62,2.97,4.55,6.12,7.78,5.68,6.01,6.86,6.84,5.52,9.78,6.1,6.49,7.6,5.07,5.47,3.6,5.91,4.37,5.47,5.07,5.07,3.03,3.22,4.99,6.14,5.4,5.69,6.28,2.95,5.36,3.18,4.73,4.33,4.14,4.59,4.03,5.3,3.88,5.78,1.04,0.0,3.91,3.28,4.55,4.96,4.5,5.54,5.72,3.81,3.97,4.86,3.89,2.74,0.85,3.5,2.23,2.0,1.97,0.0,0.0,2.35,0.0,1.03,0.0,0.0,0.0,0.0,0.0,0.0,0.0,0.0,0.0,0.0,0.74,0.0,0.0,0.0
ŋ,2.17,4.83,4.12,3.91,3.48,2.76,3.2,3.64,3.77,4.31,4.73,1.52,4.77,4.82,5.2,3.99,4.9,3.07,1.99,0.07,4.85,5.06,4.82,3.35,2.72,2.5,4.08,0.5,2.99,1.29,2.58,1.82,3.35,2.18,1.36,3.01,2.01,3.37,2.37,3.96,3.39,1.97,1.64,2.32,2.55,3.33,3.21,4.68,2.22,2.9,3.73,4.13,4.28,3.06,4.82,3.53,0.0,3.09,0.48,2.35,1.7,1.2,0.54,2.96,3.91,0.0,2.63,0.4,2.51,1.19,1.36,2.16,0.82,0.76,3.61,3.16,3.48,4.38,3.0,5.04,3.37,2.72,1.97,1.84,2.79,3.24,0.46,0.92,0.95,2.85,3.53,2.54,4.52,1.99,1.74,1.37,0.45,2.34,5.41,2.92,2.96
k,2.66,0.27,4.99,3.19,3.44,2.53,3.95,4.01,3.99,2.87,4.33,4.29,2.53,5.23,3.91,4.82,5.06,1.21,2.74,2.93,3.24,2.63,1.06,1.73,4.85,2.98,1.83,3.52,0.17,1.91,0.72,3.31,2.73,2.83,2.45,2.82,3.16,2.12,3.62,4.59,5.08,2.09,1.24,1.55,2.44,3.67,2.09,1.61,3.04,4.03,3.36,3.5,4.41,3.42,3.53,3.33,3.63,0.0,1.03,0.84,1.56,2.44,2.03,2.37,3.28,2.63,0.0,1.31,0.9,2.09,0.68,0.34,3.11,1.27,1.28,0.68,2.78,5.5,2.79,2.85,3.43,1.13,1.63,2.49,1.44,1.01,0.93,1.1,1.54,2.1,2.09,3.69,5.14,3.44,1.42,1.76,0.88,1.39,4.1,3.82,3.17
ŋk,3.51,3.53,2.0,5.35,4.29,2.62,2.66,4.63,3.09,3.24,4.63,3.79,3.24,2.96,5.14,4.22,6.29,1.59,3.55,0.71,3.3,3.72,0.74,3.71,5.17,4.51,1.52,0.96,4.1,1.55,2.77,3.33,5.39,0.51,4.43,3.43,2.72,4.98,3.07,3.9,3.74,2.8,0.89,1.6,1.39,5.05,3.81,3.55,3.15,4.38,4.46,3.99,3.91,0.94,4.61,4.06,0.84,0.59,0.0,2.11,2.09,1.01,1.44,5.08,4.55,0.4,1.31,0.0,2.02,0.76,0.78,2.28,0.94,2.55,3.8,1.4,2.19,8.13,1.67,6.39,4.83,2.32,3.01,1.14,2.37,2.44,1.53,0.01,0.01,2.32,3.06,3.32,2.97,4.25,1.85,1.98,0.76,1.59,2.45,3.71,2.06
kʰ,3.41,3.27,4.72,0.12,3.08,4.91,5.37,3.64,6.66,2.63,4.03,5.0,3.44,2.92,3.89,5.16,5.24,1.17,2.36,3.34,2.65,1.52,1.42,2.27,4.42,3.22,0.81,2.59,0.76,3.51,2.08,5.54,3.58,3.94,1.93,2.99,5.99,2.73,2.62,2.87,5.87,2.53,1.87,0.91,3.52,5.08,3.03,2.83,5.31,2.46,5.14,4.25,3.7,3.11,3.36,3.92,2.33,1.55,1.62,1.85,3.12,1.59,2.52,3.41,4.96,2.51,0.9,2.02,0.0,0.01,1.32,1.42,2.19,3.18,2.07,1.92,2.38,5.46,2.18,3.07,2.91,1.46,2.1,2.13,1.5,1.93,1.07,0.92,1.45,2.56,2.96,3.25,3.28,3.8,1.67,0.43,1.97,2.98,4.71,2.08,2.91
ŋkʰ,3.17,2.45,3.53,4.28,1.69,4.1,3.85,5.29,4.51,3.83,4.95,3.0,4.01,3.31,5.56,4.31,4.91,2.86,3.33,2.6,4.33,3.68,1.78,2.59,5.21,4.05,2.91,0.76,1.69,1.95,5.34,2.78,4.33,1.49,2.66,5.03,5.94,4.08,2.24,3.61,4.06,3.56,1.84,0.31,2.01,4.49,3.07,3.59,2.23,2.6,4.54,4.69,4.06,1.86,4.21,3.74,0.88,2.91,1.12,3.0,3.24,0.76,3.02,6.65,4.5,1.19,2.09,0.76,0.01,0.0,2.7,2.53,1.35,2.23,4.78,1.55,3.67,5.12,3.53,5.07,3.75,1.19,0.62,2.03,2.4,2.41,0.62,0.65,2.65,0.14,3.0,2.83,2.03,1.7,1.88,2.42,1.13,1.41,3.47,2.5,2.58
kp,1.45,1.37,1.62,2.38,1.94,1.32,1.91,3.6,3.52,1.8,3.19,2.85,0.01,3.66,2.24,3.98,4.58,2.96,4.17,3.67,4.89,4.24,3.29,4.37,4.47,3.44,1.69,2.37,1.81,5.51,2.77,4.35,3.14,2.62,4.13,2.05,3.73,5.43,4.83,5.44,6.22,2.54,2.45,2.55,3.51,5.02,5.4,4.17,4.77,4.28,4.16,4.66,3.66,4.8,4.4,5.15,3.0,1.31,1.76,2.2,3.15,2.85,1.74,5.47,5.54,1.36,0.68,0.78,1.32,2.7,0.0,2.24,4.74,1.98,1.16,2.73,2.89,4.03,3.28,3.57,2.8,1.49,2.34,2.1,0.92,2.23,2.21,0.91,1.53,1.79,4.4,2.74,2.7,3.87,1.98,3.43,1.25,2.98,6.03,2.99,2.28
g,3.17,3.55,2.94,4.75,5.68,1.82,4.23,2.41,4.4,4.92,2.95,4.1,2.25,6.18,2.86,4.34,3.71,3.36,2.0,3.31,3.32,1.86,2.0,1.37,3.58,2.88,1.71,3.27,3.3,4.32,1.12,1.79,3.15,3.54,4.38,1.17,1.79,4.56,3.35,4.0,3.51,1.26,2.3,1.88,1.01,3.65,2.49,2.94,3.72,1.62,2.15,1.88,2.87,5.3,3.73,4.24,2.29,1.55,0.79,0.0,0.0,1.88,0.46,4.48,5.72,2.16,0.34,2.28,1.42,2.53,2.24,0.0,1.76,0.64,1.3,1.35,0.26,4.51,3.2,2.33,5.36,2.79,3.27,1.63,2.11,1.55,1.14,1.04,0.86,3.13,3.75,3.63,3.91,2.35,2.36,2.74,0.24,1.36,4.81,4.3,2.04
ŋg,2.2,4.22,2.15,5.11,3.49,3.22,2.55,4.38,2.83,4.27,4.04,2.44,5.45,3.82,4.66,3.96,4.95,1.39,2.31,3.1,4.06,3.75,2.42,2.11,5.39,3.63,3.42,0.94,3.64,2.73,1.64,1.44,4.07,2.06,5.58,2.87,2.69,5.24,2.47,2.68,2.49,2.88,1.7,3.06,1.16,5.12,5.36,3.5,2.38,4.58,3.39,2.88,4.41,3.62,3.37,3.42,0.97,1.57,1.19,2.89,1.25,0.0,0.0,4.78,3.81,0.82,3.11,0.94,2.19,1.35,4.74,1.76,0.0,1.21,1.17,1.78,0.01,6.54,3.57,3.18,5.51,2.54,2.27,0.28,1.83,1.8,0.93,0.77,0.9,2.28,3.08,4.15,3.12,2.16,2.14,2.92,0.79,3.16,4.04,3.31,2.77
ɠ,1.75,3.51,5.0,6.45,5.19,3.15,2.73,1.73,2.53,4.6,3.73,2.06,3.76,5.32,3.67,3.97,5.05,5.41,2.48,2.39,2.6,2.76,1.19,1.15,2.62,1.9,2.88,4.15,3.92,4.04,2.33,2.35,3.07,4.21,5.41,3.94,2.72,3.79,2.6,2.36,3.58,2.07,2.81,3.45,1.05,1.66,3.14,4.06,4.93,4.86,3.35,2.32,4.03,2.99,3.76,4.11,0.01,2.68,2.77,0.01,0.81,1.58,0.86,5.43,3.97,0.76,1.27,2.55,3.18,2.23,1.98,0.64,1.21,0.0,0.97,1.83,0.82,6.16,2.6,2.97,3.67,1.08,2.01,2.13,2.51,2.03,0.21,0.52,1.67,2.59,2.05,2.65,3.75,3.65,2.76,2.56,1.14,0.88,4.38,2.83,2.5
gb,3.68,1.78,2.05,2.44,3.05,0.96,1.4,1.66,2.88,3.95,1.62,2.64,2.39,3.82,2.36,2.28,3.35,3.41,3.92,4.04,3.51,4.25,2.74,1.69,6.1,4.08,4.66,4.5,4.03,4.41,0.77,4.04,4.72,3.13,6.26,2.09,4.07,6.12,6.86,3.21,4.37,3.89,2.37,4.28,1.13,3.89,3.27,3.75,4.08,5.28,2.32,2.05,5.46,5.15,3.55,4.25,3.47,3.4,2.84,0.53,0.18,2.73,2.36,4.8,4.86,3.61,1.28,3.8,2.07,4.78,1.16,1.3,1.17,0.97,0.0,2.56,2.84,3.35,1.77,2.44,4.45,3.04,1.61,1.47,1.87,2.38,0.9,0.05,0.88,1.51,4.09,3.12,2.63,3.83,2.02,2.13,1.17,1.69,5.04,3.1,3.17
x,1.93,2.99,2.63,3.34,3.25,3.04,4.19,3.06,3.22,1.95,2.26,3.63,2.26,2.81,2.67,2.39,2.94,1.26,2.17,2.47,4.4,2.39,1.24,3.17,3.76,3.65,2.94,2.55,2.32,1.31,2.6,4.69,1.92,2.65,2.96,4.02,4.27,1.9,2.53,3.2,3.04,3.52,0.01,2.53,4.41,4.52,3.39,3.64,1.91,2.8,2.6,3.52,1.74,2.52,2.97,0.99,2.58,1.18,0.67,1.33,0.84,1.54,1.22,3.87,3.89,3.16,0.68,1.4,1.92,1.55,2.73,1.35,1.78,1.83,2.56,0.0,1.3,4.11,0.01,0.15,0.89,2.55,2.66,2.35,1.43,1.42,0.39,2.25,1.84,2.47,2.29,3.05,4.46,2.93,1.31,0.42,1.15,1.42,3.71,3.71,2.33
ɣ,4.68,3.59,3.93,1.78,4.55,2.56,2.58,3.55,3.75,3.01,2.43,4.58,2.46,3.34,1.84,2.69,3.51,1.69,0.01,2.4,4.45,0.63,2.99,1.33,3.36,2.85,2.96,3.9,4.1,2.92,1.23,2.54,4.04,4.42,2.69,2.05,3.03,2.02,4.02,2.68,2.52,2.24,2.52,2.98,1.79,4.0,4.92,2.64,4.36,2.8,3.33,2.42,3.23,1.79,1.27,1.24,1.52,2.22,2.41,1.45,1.46,1.06,1.79,2.3,2.74,3.48,2.78,2.19,2.38,3.67,2.89,0.26,0.01,0.82,2.84,1.3,0.0,4.45,2.07,2.28,2.55,2.86,1.29,1.24,0.92,2.32,1.86,1.68,1.17,2.72,1.97,3.41,1.82,0.94,2.62,1.83,1.67,1.74,3.86,1.88,2.18
w,5.03,4.8,5.39,6.44,4.64,4.46,5.91,5.29,6.36,4.9,5.57,5.01,3.65,5.48,2.79,5.71,3.84,5.61,5.79,6.33,3.11,5.51,7.23,7.26,3.22,4.14,7.15,6.0,5.57,7.03,5.56,6.03,5.22,7.4,7.3,5.14,5.63,5.3,6.55,5.42,5.98,5.48,6.81,6.45,5.38,4.94,2.9,5.5,6.74,6.34,6.95,5.37,4.83,6.61,5.34,5.89,4.99,5.6,5.12,6.19,5.55,7.26,5.59,1.88,0.85,4.38,5.5,8.13,5.46,5.12,4.03,4.51,6.54,6.16,3.35,4.11,4.45,0.0,3.93,3.83,2.1,2.3,0.88,1.45,1.09,0.42,1.01,0.0,0.0,1.24,2.86,1.86,2.73,0.19,1.02,1.61,0.0,1.42,2.13,1.12,1.19
χ,3.14,1.88,2.27,3.05,4.12,2.13,4.48,2.52,3.8,0.86,1.74,3.98,0.49,1.68,2.15,5.09,3.64,0.83,2.59,3.78,6.01,2.11,2.63,4.51,2.06,4.69,2.39,1.75,2.64,2.55,3.03,3.89,2.85,3.11,2.34,4.05,4.52,2.38,3.34,3.21,4.83,3.12,1.49,0.46,2.86,6.65,4.11,0.83,3.44,3.21,4.19,4.07,1.06,2.78,3.42,3.48,2.73,1.91,0.99,3.24,1.77,1.83,2.97,3.66,3.5,3.0,2.79,1.67,2.18,3.53,3.28,3.2,3.57,2.6,1.77,0.01,2.07,3.93,0.0,2.94,1.71,1.63,3.73,3.37,3.33,2.66,2.52,2.5,1.87,2.37,1.73,0.4,1.73,2.14,0.85,0.04,0.05,0.48,2.78,2.3,1.93
